0
Could not decode message
Raw (68): -30 9100 -4500 550 -550 550 -600 500 -600 550 -600 550 -600 500 -600 550 -550 550 -600 550 -1700 500 -1750 550 -1700 550 -1700 500 -1750 550 -1700 550 -1700 500 -1750 550 -600 500 -1750 500 -1700 550 -600 550 -1700 500 -650 500 -600 500 -650 500 -1750 500 -650 500 -600 500 -1750 500 -600 550 -1700 550 -1700 500 -1750 550 
1
Could not decode message
Raw (68): -31010 9050 -4500 600 -550 550 -550 550 -550 550 -600 550 -600 500 -600 550 -600 500 -600 550 -1750 500 -1700 550 -1750 500 -1750 500 -1750 500 -1750 500 -1700 550 -1750 500 -600 500 -650 500 -1750 500 -1700 600 -600 500 -600 500 -600 550 -600 500 -1750 550 -1700 550 -550 550 -600 500 -1750 550 -1700 550 -1700 550 -1700 550 
2
Could not decode message
Raw (68): -540 9050 -4500 600 -550 550 -600 500 -600 500 -600 550 -600 550 -600 500 -600 500 -650 500 -1750 500 -1700 550 -1750 500 -1750 500 -1750 500 -1750 500 -1750 500 -1750 500 -650 500 -650 450 -650 450 -1850 450 -1750 450 -700 450 -650 500 -650 450 -1800 500 -1750 450 -1800 500 -600 500 -650 500 -1750 500 -1750 500 -1750 500 
3
Could not decode message
Raw (68): -29562 9050 -4500 600 -500 600 -550 550 -550 600 -550 550 -600 550 -550 550 -600 500 -600 550 -1700 550 -1700 600 -1700 500 -1750 500 -1750 500 -1750 550 -1650 550 -1750 550 -550 550 -1700 550 -1750 500 -1700 550 -1750 500 -600 550 -1700 550 -550 550 -1700 550 -600 500 -650 500 -600 550 -600 500 -1750 500 -600 550 -1700 550 
4
Could not decode message
Raw (68): 11148 9100 -4500 550 -600 550 -550 550 -600 500 -650 500 -600 550 -550 550 -600 550 -550 550 -1750 500 -1750 500 -1700 550 -1750 500 -1750 500 -1700 550 -1750 500 -1750 500 -600 550 -600 500 -600 500 -1750 550 -600 500 -650 500 -600 500 -600 550 -1700 550 -1750 500 -1700 550 -600 500 -1750 500 -1750 550 -1700 500 -1750 500 
5
Could not decode message
Raw (68): -6904 9000 -4550 550 -600 500 -650 500 -600 500 -650 500 -600 500 -650 450 -700 450 -650 500 -1750 450 -1800 450 -1800 500 -1800 450 -1750 500 -1800 400 -1850 450 -1800 400 -750 400 -700 450 -1800 450 -1750 500 -1750 500 -650 450 -700 450 -700 450 -1750 500 -1750 450 -700 450 -650 500 -650 450 -1800 450 -1800 450 -1800 450 
6
Could not decode message
Raw (68): 27040 9050 -4500 550 -600 500 -600 550 -600 500 -650 500 -600 500 -650 500 -600 500 -650 500 -1750 500 -1750 450 -1800 500 -1750 500 -1750 450 -1800 500 -1800 400 -1800 450 -700 450 -1800 450 -700 450 -1800 400 -1850 450 -700 400 -1800 450 -700 400 -1800 500 -650 450 -1800 450 -700 450 -650 450 -1800 450 -700 450 -1800 450 
7
Could not decode message
Raw (68): 23434 9050 -4500 550 -600 550 -550 600 -550 500 -600 550 -600 550 -600 500 -600 550 -550 550 -1750 500 -1700 550 -1700 550 -1750 500 -1700 550 -1700 600 -1700 500 -1750 500 -600 550 -1700 550 -600 500 -600 550 -600 500 -650 500 -1700 550 -600 500 -1750 500 -600 550 -1700 550 -1700 550 -1750 500 -1750 500 -600 550 -1700 550 
8
Could not decode message
Raw (68): -32140 9000 -4550 500 -600 550 -600 550 -600 500 -600 500 -600 550 -600 550 -600 500 -600 550 -1700 550 -1700 550 -1700 550 -1700 550 -1700 500 -1750 550 -1700 550 -1700 550 -600 500 -1750 500 -650 500 -600 500 -1750 500 -600 550 -1750 500 -600 500 -1750 500 -600 550 -1750 500 -1750 500 -600 500 -1750 500 -650 500 -1750 500 
9
Could not decode message
Raw (68): 9548 9050 -4500 550 -600 550 -550 550 -600 500 -600 550 -600 500 -650 450 -650 500 -600 550 -1750 500 -1700 550 -1700 550 -1750 500 -1700 550 -1750 500 -1750 500 -1700 550 -600 500 -1750 500 -650 500 -1750 500 -600 500 -650 500 -1750 500 -600 550 -1750 450 -650 500 -1750 500 -600 500 -1750 550 -1700 500 -650 500 -1750 500 

